Model:  Linear, pred_len:  96, Data:  ETTh1

Epoch: 1, w_1: [0.10325985 0.18069021 0.08374184 0.17264003 0.17015718 0.04460172
 0.18652548], w_2: [0.39141682 0.24342023 0.40402526 0.23396824 0.32882598 0.45683587
 0.29439658], Data: ETTh1

Epoch: 2, w_1: [ 0.07578565  0.11712535  0.06409092  0.09632985  0.03029769 -0.08152857
  0.13318254], w_2: [0.34248894 0.25258416 0.34271753 0.2506247  0.35920987 0.51804656
 0.2524676 ], Data: ETTh1

Epoch: 3, w_1: [ 0.08751851  0.10484471  0.07580706  0.08738202  0.0101107  -0.0961112
  0.17118473], w_2: [0.34500724 0.2607434  0.34426457 0.26218703 0.39149782 0.5335541
 0.2572584 ], Data: ETTh1

Epoch: 4, w_1: [ 0.08751851  0.10484471  0.07580706  0.08738202  0.0101107  -0.0961112
  0.17118473], w_2: [0.34500724 0.2607434  0.34426457 0.26218703 0.39149782 0.5335541
 0.2572584 ], Data: ETTh1

Epoch: 5, w_1: [ 0.08359482  0.10742668  0.07182217  0.09486546 -0.00322712 -0.11144578
  0.16891325], w_2: [0.34670734 0.26444495 0.34422463 0.27404445 0.40735176 0.53660315
 0.25850478], Data: ETTh1

Epoch: 6, w_1: [ 0.08359482  0.10742668  0.07182217  0.09486546 -0.00322712 -0.11144578
  0.16891325], w_2: [0.34670734 0.26444495 0.34422463 0.27404445 0.40735176 0.53660315
 0.25850478], Data: ETTh1

Model:  Linear, pred_len:  192, Data:  ETTh1

Epoch: 1, w_1: [0.13498189 0.1725564  0.11780747 0.17357601 0.19636448 0.02677557
 0.17729996], w_2: [0.39629006 0.2440754  0.40716782 0.24205457 0.2723112  0.3547466
 0.20843194], Data: ETTh1

Epoch: 2, w_1: [ 0.08525459  0.09260957  0.07559536  0.08882702  0.08436248 -0.04381599
  0.20826586], w_2: [0.33296233 0.24818464 0.3340509  0.24047677 0.28505772 0.39698148
 0.0941124 ], Data: ETTh1

Epoch: 3, w_1: [ 0.08961822  0.08437008  0.07752208  0.08764819  0.07448178 -0.06406409
  0.20295595], w_2: [0.3219513  0.2615197  0.3200096  0.2594876  0.30793723 0.4187129
 0.11086961], Data: ETTh1

Epoch: 4, w_1: [ 0.09360925  0.08476377  0.08237334  0.08684489  0.06813534 -0.06846404
  0.20277464], w_2: [0.32440025 0.26684102 0.32093805 0.26298323 0.32090378 0.43108433
 0.12487099], Data: ETTh1

Epoch: 5, w_1: [ 0.09616554  0.08583723  0.08333795  0.08515721  0.06542503 -0.07345588
  0.20060544], w_2: [0.3288108  0.27065554 0.32434633 0.2636629  0.32823342 0.4354168
 0.13050686], Data: ETTh1

Epoch: 6, w_1: [ 0.09719391  0.08820336  0.08401906  0.08769441  0.06273638 -0.0730385
  0.20131244], w_2: [0.33070388 0.27438346 0.32596663 0.26708782 0.3296124  0.43732294
 0.13474056], Data: ETTh1

Model:  Linear, pred_len:  336, Data:  ETTh1

Epoch: 1, w_1: [0.10235931 0.14384408 0.08624842 0.15798783 0.20724514 0.03884014
 0.21878992], w_2: [0.3874796  0.25154504 0.39007032 0.23384546 0.26332468 0.34774297
 0.15812193], Data: ETTh1

Epoch: 2, w_1: [ 0.0712866   0.03901343  0.0685031   0.05916879  0.1021643  -0.08172309
  0.23301937], w_2: [0.32017902 0.2858861  0.31195223 0.2528171  0.27063516 0.3968865
 0.03896971], Data: ETTh1

Epoch: 3, w_1: [ 0.07396907  0.03169912  0.06860608  0.05132974  0.07936461 -0.07740959
  0.22152628], w_2: [0.3149538  0.3027533  0.30471155 0.26620567 0.29490462 0.40621313
 0.05053226], Data: ETTh1

Epoch: 4, w_1: [ 0.08157127  0.03014178  0.07524696  0.05320129  0.06580324 -0.07415111
  0.218155  ], w_2: [0.32541016 0.3116207  0.31309414 0.27600437 0.3029047  0.41879144
 0.05814526], Data: ETTh1

Epoch: 5, w_1: [ 0.08157127  0.03014178  0.07524696  0.05320129  0.06580324 -0.07415111
  0.218155  ], w_2: [0.32541016 0.3116207  0.31309414 0.27600437 0.3029047  0.41879144
 0.05814526], Data: ETTh1

Epoch: 6, w_1: [ 0.08112554  0.02841574  0.07414696  0.05278175  0.05786529 -0.07677578
  0.21949725], w_2: [0.32738936 0.31562337 0.31416962 0.27971384 0.31013674 0.42702216
 0.07132266], Data: ETTh1

Model:  Linear, pred_len:  720, Data:  ETTh1

Epoch: 1, w_1: [0.09384943 0.13024466 0.09322894 0.15117563 0.20369133 0.05010201
 0.21190794], w_2: [0.40130955 0.2565545  0.3987661  0.23082905 0.22677688 0.2767691
 0.12219113], Data: ETTh1

Epoch: 2, w_1: [ 0.05173557  0.00427692  0.06321405  0.04862564  0.11732772 -0.06495725
  0.24785993], w_2: [0.33740595 0.3181255  0.3227818  0.2542678  0.217301   0.36561483
 0.03075612], Data: ETTh1

Epoch: 3, w_1: [ 0.05299259 -0.01391247  0.06019236  0.04362155  0.10222337 -0.06953695
  0.3282162 ], w_2: [0.33199963 0.34445792 0.31428123 0.27653632 0.23402388 0.38090137
 0.02047175], Data: ETTh1

Epoch: 4, w_1: [ 0.05299259 -0.01391247  0.06019236  0.04362155  0.10222337 -0.06953695
  0.3282162 ], w_2: [0.33199963 0.34445792 0.31428123 0.27653632 0.23402388 0.38090137
 0.02047175], Data: ETTh1

Epoch: 5, w_1: [ 0.05299259 -0.01391247  0.06019236  0.04362155  0.10222337 -0.06953695
  0.3282162 ], w_2: [0.33199963 0.34445792 0.31428123 0.27653632 0.23402388 0.38090137
 0.02047175], Data: ETTh1

Epoch: 6, w_1: [ 0.06006088 -0.03115415  0.06808512  0.03007477  0.0972378  -0.08751481
  0.39538682], w_2: [0.33238912 0.35790485 0.3129884  0.28398207 0.25582436 0.3922434
 0.01109268], Data: ETTh1

Model:  TSMixer, pred_len:  96, Data:  ETTh1

Epoch: 1, w_1: [0.149872   0.19867621 0.1264178  0.18166398 0.18182617 0.01266639
 0.13778715], w_2: [0.42972428 0.2601295  0.45859817 0.24223854 0.33675116 0.5656226
 0.2212081 ], Data: ETTh1

Epoch: 2, w_1: [ 0.10093183  0.10283293  0.09250346  0.08918822  0.02579243 -0.09815893
  0.06215544], w_2: [0.34998026 0.24731924 0.36613655 0.25161237 0.39512378 0.5863955
 0.23026466], Data: ETTh1

Epoch: 3, w_1: [ 0.11955267  0.09714887  0.11159744  0.08535188 -0.01949337 -0.07980976
  0.04614381], w_2: [0.3444212  0.26798218 0.3606574  0.28035095 0.42899373 0.55385876
 0.2147256 ], Data: ETTh1

Epoch: 4, w_1: [ 0.11955267  0.09714887  0.11159744  0.08535188 -0.01949337 -0.07980976
  0.04614381], w_2: [0.3444212  0.26798218 0.3606574  0.28035095 0.42899373 0.55385876
 0.2147256 ], Data: ETTh1

Epoch: 5, w_1: [ 0.1185752   0.09998467  0.10482095  0.08465499 -0.03814872 -0.07306117
  0.05055319], w_2: [0.34337187 0.2829194  0.3588075  0.2913251  0.46332118 0.5483105
 0.2175257 ], Data: ETTh1

Epoch: 6, w_1: [ 0.1185752   0.09998467  0.10482095  0.08465499 -0.03814872 -0.07306117
  0.05055319], w_2: [0.34337187 0.2829194  0.3588075  0.2913251  0.46332118 0.5483105
 0.2175257 ], Data: ETTh1

Model:  TSMixer, pred_len:  192, Data:  ETTh1

Epoch: 1, w_1: [0.17903091 0.17987406 0.15605658 0.17228459 0.17556922 0.07224707
 0.12050626], w_2: [0.40579885 0.25700092 0.43299255 0.22945756 0.29178157 0.44199973
 0.17463818], Data: ETTh1

Epoch: 2, w_1: [ 0.13206784  0.0891903   0.12075906  0.08375703  0.01760579 -0.07084326
  0.03638054], w_2: [0.31098548 0.28103992 0.32986936 0.26135904 0.34461737 0.48437095
 0.22280425], Data: ETTh1

Epoch: 3, w_1: [ 0.13959876  0.07922877  0.12620959  0.07437863 -0.03014131 -0.05804216
  0.05367295], w_2: [0.2973809  0.2922104  0.31416997 0.27788782 0.39539668 0.46384433
 0.24762148], Data: ETTh1

Epoch: 4, w_1: [ 0.13959876  0.07922877  0.12620959  0.07437863 -0.03014131 -0.05804216
  0.05367295], w_2: [0.2973809  0.2922104  0.31416997 0.27788782 0.39539668 0.46384433
 0.24762148], Data: ETTh1

Epoch: 5, w_1: [ 0.15959065  0.0853188   0.14194755  0.07723472 -0.05206654 -0.05655546
  0.04453166], w_2: [0.30207118 0.30517834 0.3199744  0.2953683  0.4487894  0.46354175
 0.24059214], Data: ETTh1

Epoch: 6, w_1: [ 0.15959065  0.0853188   0.14194755  0.07723472 -0.05206654 -0.05655546
  0.04453166], w_2: [0.30207118 0.30517834 0.3199744  0.2953683  0.4487894  0.46354175
 0.24059214], Data: ETTh1

Model:  TSMixer, pred_len:  336, Data:  ETTh1

Epoch: 1, w_1: [0.17179175 0.17497341 0.150873   0.17470194 0.19119899 0.0475663
 0.12937264], w_2: [0.3959918  0.28712213 0.4200351  0.25304192 0.2685614  0.3956241
 0.18288743], Data: ETTh1

Epoch: 2, w_1: [0.17179175 0.17497341 0.150873   0.17470194 0.19119899 0.0475663
 0.12937264], w_2: [0.3959918  0.28712213 0.4200351  0.25304192 0.2685614  0.3956241
 0.18288743], Data: ETTh1

Epoch: 3, w_1: [0.17179175 0.17497341 0.150873   0.17470194 0.19119899 0.0475663
 0.12937264], w_2: [0.3959918  0.28712213 0.4200351  0.25304192 0.2685614  0.3956241
 0.18288743], Data: ETTh1

Model:  TSMixer, pred_len:  720, Data:  ETTh1

Epoch: 1, w_1: [0.17122364 0.16181548 0.15401733 0.16447677 0.1706399  0.07240192
 0.15379584], w_2: [0.3921422  0.30861652 0.4089485  0.26712453 0.27128047 0.3234916
 0.16819412], Data: ETTh1

Epoch: 2, w_1: [ 0.12470303 -0.02622489  0.12091587 -0.00095765 -0.12311529 -0.14755994
  0.12759079], w_2: [0.29663014 0.3787049  0.30785367 0.34366462 0.4545344  0.4898105
 0.09637916], Data: ETTh1

Epoch: 3, w_1: [ 0.12470303 -0.02622489  0.12091587 -0.00095765 -0.12311529 -0.14755994
  0.12759079], w_2: [0.29663014 0.3787049  0.30785367 0.34366462 0.4545344  0.4898105
 0.09637916], Data: ETTh1

Epoch: 4, w_1: [ 0.12470303 -0.02622489  0.12091587 -0.00095765 -0.12311529 -0.14755994
  0.12759079], w_2: [0.29663014 0.3787049  0.30785367 0.34366462 0.4545344  0.4898105
 0.09637916], Data: ETTh1

Model:  PatchTST, pred_len:  96, Data:  ETTh1

Epoch: 1, w_1: [0.23716208 0.23606946 0.21860515 0.22496264 0.22490051 0.08523666
 0.13534178], w_2: [0.4120508  0.32529438 0.4430171  0.29969054 0.3686887  0.60857856
 0.22262838], Data: ETTh1

Epoch: 2, w_1: [ 0.15840961  0.14613213  0.14742146  0.14015386  0.08772351 -0.07048987
  0.0652838 ], w_2: [0.3727003  0.31378895 0.4024142  0.29954514 0.41846344 0.74172527
 0.24582697], Data: ETTh1

Epoch: 3, w_1: [ 0.15840961  0.14613213  0.14742146  0.14015386  0.08772351 -0.07048987
  0.0652838 ], w_2: [0.3727003  0.31378895 0.4024142  0.29954514 0.41846344 0.74172527
 0.24582697], Data: ETTh1

Epoch: 4, w_1: [ 0.1609022   0.12863398  0.14749044  0.11792318  0.04336189 -0.09416693
  0.06331797], w_2: [0.37226868 0.33966157 0.3976585  0.3159674  0.47457358 0.76700634
 0.2632841 ], Data: ETTh1

Epoch: 5, w_1: [ 0.16479792  0.12475691  0.1512232   0.11525635  0.03830568 -0.09759067
  0.06590202], w_2: [0.37183207 0.34267804 0.40115708 0.31911996 0.48500142 0.76835424
 0.27163282], Data: ETTh1

Epoch: 6, w_1: [ 0.16479792  0.12475691  0.1512232   0.11525635  0.03830568 -0.09759067
  0.06590202], w_2: [0.37183207 0.34267804 0.40115708 0.31911996 0.48500142 0.76835424
 0.27163282], Data: ETTh1

Model:  PatchTST, pred_len:  192, Data:  ETTh1

Epoch: 1, w_1: [0.2670863  0.22315681 0.24647662 0.21216826 0.21646558 0.10037195
 0.13376446], w_2: [0.36568484 0.31183913 0.3974997  0.2796543  0.33448663 0.50655985
 0.16383195], Data: ETTh1

Epoch: 2, w_1: [ 0.19195691  0.13097978  0.17192385  0.12731339  0.0761539  -0.05067575
  0.06335858], w_2: [0.3016667  0.3104348  0.34299976 0.27640545 0.3960437  0.655666
 0.16769409], Data: ETTh1

Epoch: 3, w_1: [ 0.19195691  0.13097978  0.17192385  0.12731339  0.0761539  -0.05067575
  0.06335858], w_2: [0.3016667  0.3104348  0.34299976 0.27640545 0.3960437  0.655666
 0.16769409], Data: ETTh1

Epoch: 4, w_1: [ 0.19195691  0.13097978  0.17192385  0.12731339  0.0761539  -0.05067575
  0.06335858], w_2: [0.3016667  0.3104348  0.34299976 0.27640545 0.3960437  0.655666
 0.16769409], Data: ETTh1

Model:  PatchTST, pred_len:  336, Data:  ETTh1

Epoch: 1, w_1: [0.27718323 0.2191901  0.257666   0.20962678 0.20437162 0.09619591
 0.14625213], w_2: [0.3928039  0.33336952 0.4215714  0.2865709  0.30086857 0.4765734
 0.17091261], Data: ETTh1

Epoch: 2, w_1: [ 0.18447973  0.09433092  0.16118848  0.10674097  0.06530532 -0.03151453
  0.0820183 ], w_2: [0.31554386 0.3594691  0.351951   0.29756293 0.3606056  0.6252837
 0.10997396], Data: ETTh1

Epoch: 3, w_1: [ 0.18447973  0.09433092  0.16118848  0.10674097  0.06530532 -0.03151453
  0.0820183 ], w_2: [0.31554386 0.3594691  0.351951   0.29756293 0.3606056  0.6252837
 0.10997396], Data: ETTh1

Epoch: 4, w_1: [ 0.18447973  0.09433092  0.16118848  0.10674097  0.06530532 -0.03151453
  0.0820183 ], w_2: [0.31554386 0.3594691  0.351951   0.29756293 0.3606056  0.6252837
 0.10997396], Data: ETTh1

Model:  PatchTST, pred_len:  720, Data:  ETTh1

Epoch: 1, w_1: [0.3002142  0.21222314 0.2821828  0.21370202 0.21454792 0.12085527
 0.1842284 ], w_2: [0.40841377 0.3358813  0.42028764 0.2959636  0.29775852 0.4079483
 0.18218032], Data: ETTh1

Epoch: 2, w_1: [0.3002142  0.21222314 0.2821828  0.21370202 0.21454792 0.12085527
 0.1842284 ], w_2: [0.40841377 0.3358813  0.42028764 0.2959636  0.29775852 0.4079483
 0.18218032], Data: ETTh1

Epoch: 3, w_1: [0.3002142  0.21222314 0.2821828  0.21370202 0.21454792 0.12085527
 0.1842284 ], w_2: [0.40841377 0.3358813  0.42028764 0.2959636  0.29775852 0.4079483
 0.18218032], Data: ETTh1

Model:  SCINet, pred_len:  96, Data:  ETTh1

Epoch: 1, w_1: [0.3152338  0.24887826 0.28882644 0.2561831  0.32850268 0.21344106
 0.23246779], w_2: [0.42684022 0.2859089  0.4496358  0.2768188  0.4255568  0.4647725
 0.26418033], Data: ETTh1

Epoch: 2, w_1: [0.3152338  0.24887826 0.28882644 0.2561831  0.32850268 0.21344106
 0.23246779], w_2: [0.42684022 0.2859089  0.4496358  0.2768188  0.4255568  0.4647725
 0.26418033], Data: ETTh1

Epoch: 3, w_1: [0.3152338  0.24887826 0.28882644 0.2561831  0.32850268 0.21344106
 0.23246779], w_2: [0.42684022 0.2859089  0.4496358  0.2768188  0.4255568  0.4647725
 0.26418033], Data: ETTh1

Model:  SCINet, pred_len:  192, Data:  ETTh1

Epoch: 1, w_1: [0.338102   0.2400731  0.30296144 0.24922343 0.34351665 0.21521512
 0.21623504], w_2: [0.41484448 0.27633926 0.42770526 0.25937584 0.3910127  0.39505455
 0.25068608], Data: ETTh1

Epoch: 2, w_1: [0.338102   0.2400731  0.30296144 0.24922343 0.34351665 0.21521512
 0.21623504], w_2: [0.41484448 0.27633926 0.42770526 0.25937584 0.3910127  0.39505455
 0.25068608], Data: ETTh1

Epoch: 3, w_1: [0.338102   0.2400731  0.30296144 0.24922343 0.34351665 0.21521512
 0.21623504], w_2: [0.41484448 0.27633926 0.42770526 0.25937584 0.3910127  0.39505455
 0.25068608], Data: ETTh1

Model:  SCINet, pred_len:  336, Data:  ETTh1

Epoch: 1, w_1: [0.34966218 0.22578411 0.3161948  0.23746566 0.31013498 0.23644415
 0.23497416], w_2: [0.41337565 0.25565344 0.4157425  0.23625083 0.37263232 0.40672302
 0.1963012 ], Data: ETTh1

Epoch: 2, w_1: [0.34966218 0.22578411 0.3161948  0.23746566 0.31013498 0.23644415
 0.23497416], w_2: [0.41337565 0.25565344 0.4157425  0.23625083 0.37263232 0.40672302
 0.1963012 ], Data: ETTh1

Epoch: 3, w_1: [0.34966218 0.22578411 0.3161948  0.23746566 0.31013498 0.23644415
 0.23497416], w_2: [0.41337565 0.25565344 0.4157425  0.23625083 0.37263232 0.40672302
 0.1963012 ], Data: ETTh1

Model:  SCINet, pred_len:  720, Data:  ETTh1

Epoch: 1, w_1: [0.3427565  0.28565145 0.31730238 0.29524162 0.25790223 0.32966504
 0.2511313 ], w_2: [0.36185062 0.2838266  0.3865752  0.27259773 0.35060382 0.43616742
 0.18945415], Data: ETTh1

Epoch: 2, w_1: [0.3427565  0.28565145 0.31730238 0.29524162 0.25790223 0.32966504
 0.2511313 ], w_2: [0.36185062 0.2838266  0.3865752  0.27259773 0.35060382 0.43616742
 0.18945415], Data: ETTh1

Epoch: 3, w_1: [0.3427565  0.28565145 0.31730238 0.29524162 0.25790223 0.32966504
 0.2511313 ], w_2: [0.36185062 0.2838266  0.3865752  0.27259773 0.35060382 0.43616742
 0.18945415], Data: ETTh1

Model:  Linear, pred_len:  96, Data:  ETTh2

Epoch: 1, w_1: [ 0.06604264  0.05141584  0.02684479  0.1228155   0.04575264 -0.02487184
  0.2132397 ], w_2: [0.3811724  0.36321896 0.57221365 0.32789713 0.516471   0.77354854
 0.3031261 ], Data: ETTh2

Epoch: 2, w_1: [ 0.02795687 -0.03563965 -0.08715871  0.02941162 -0.00546267 -0.05832399
  0.14996451], w_2: [0.31231463 0.3402814  0.62192315 0.3030575  0.5350216  0.7534097
 0.26491922], Data: ETTh2

Epoch: 3, w_1: [ 0.02795687 -0.03563965 -0.08715871  0.02941162 -0.00546267 -0.05832399
  0.14996451], w_2: [0.31231463 0.3402814  0.62192315 0.3030575  0.5350216  0.7534097
 0.26491922], Data: ETTh2

Epoch: 4, w_1: [ 0.01764766 -0.03823057 -0.08932736  0.01479825 -0.02880665 -0.04342636
  0.18473291], w_2: [0.32479203 0.3693126  0.675824   0.33161268 0.5206764  0.79817486
 0.26297507], Data: ETTh2

Epoch: 5, w_1: [ 0.02687201 -0.02911233 -0.08492662  0.01944788 -0.03367108 -0.04661262
  0.19032906], w_2: [0.3324072  0.37729272 0.68566597 0.34006462 0.51995134 0.8063518
 0.2644728 ], Data: ETTh2

Epoch: 6, w_1: [ 0.02687201 -0.02911233 -0.08492662  0.01944788 -0.03367108 -0.04661262
  0.19032906], w_2: [0.3324072  0.37729272 0.68566597 0.34006462 0.51995134 0.8063518
 0.2644728 ], Data: ETTh2

Model:  Linear, pred_len:  192, Data:  ETTh2

Epoch: 1, w_1: [ 0.06936136  0.06061888  0.00680471  0.12428441  0.04942105 -0.02330358
  0.20363188], w_2: [0.2947444  0.26709935 0.56169516 0.26841986 0.4474519  0.73086613
 0.24322513], Data: ETTh2

Epoch: 2, w_1: [ 0.06936136  0.06061888  0.00680471  0.12428441  0.04942105 -0.02330358
  0.20363188], w_2: [0.2947444  0.26709935 0.56169516 0.26841986 0.4474519  0.73086613
 0.24322513], Data: ETTh2

Epoch: 3, w_1: [ 0.06936136  0.06061888  0.00680471  0.12428441  0.04942105 -0.02330358
  0.20363188], w_2: [0.2947444  0.26709935 0.56169516 0.26841986 0.4474519  0.73086613
 0.24322513], Data: ETTh2

Epoch: 4, w_1: [ 0.02358728 -0.00134487 -0.12352622  0.14309116 -0.07828624 -0.05499803
  0.17311537], w_2: [0.300082   0.31567946 0.6775061  0.23488255 0.51044816 0.78883106
 0.19281295], Data: ETTh2

Epoch: 5, w_1: [ 0.01819592 -0.00529507 -0.1264473   0.15613496 -0.08799157 -0.04675652
  0.17633913], w_2: [0.3003209  0.31811157 0.6861778  0.23172002 0.51753145 0.8007167
 0.19119827], Data: ETTh2

Epoch: 6, w_1: [ 0.02054738 -0.00725939 -0.12914675  0.16514352 -0.0867785  -0.04794894
  0.18071522], w_2: [0.30417454 0.32185954 0.68855685 0.23253247 0.5258008  0.8056671
 0.19275701], Data: ETTh2

Model:  Linear, pred_len:  336, Data:  ETTh2

Epoch: 1, w_1: [ 0.07961874  0.0675576   0.00933122  0.11432597 -0.07124567 -0.01536537
  0.1917948 ], w_2: [0.25723213 0.22101295 0.53488326 0.20095506 0.4049219  0.7581729
 0.20861617], Data: ETTh2

Epoch: 2, w_1: [ 0.07961874  0.0675576   0.00933122  0.11432597 -0.07124567 -0.01536537
  0.1917948 ], w_2: [0.25723213 0.22101295 0.53488326 0.20095506 0.4049219  0.7581729
 0.20861617], Data: ETTh2

Epoch: 3, w_1: [ 0.07961874  0.0675576   0.00933122  0.11432597 -0.07124567 -0.01536537
  0.1917948 ], w_2: [0.25723213 0.22101295 0.53488326 0.20095506 0.4049219  0.7581729
 0.20861617], Data: ETTh2

Model:  Linear, pred_len:  720, Data:  ETTh2

Epoch: 1, w_1: [ 5.3763527e-02  8.1067368e-02  1.5589663e-01  9.5093511e-02
 -1.3373040e-01  9.9288547e-05  2.2093350e-01], w_2: [0.2952426  0.22108015 0.28238702 0.20319924 0.5082252  0.69208896
 0.18406698], Data: ETTh2

Epoch: 2, w_1: [ 0.03554128  0.0440516   0.25280854  0.0682761  -0.19745456 -0.02163223
  0.18635951], w_2: [0.25985485 0.22102998 0.0454111  0.24511023 0.5778413  0.73332083
 0.11706313], Data: ETTh2

Epoch: 3, w_1: [ 0.03554128  0.0440516   0.25280854  0.0682761  -0.19745456 -0.02163223
  0.18635951], w_2: [0.25985485 0.22102998 0.0454111  0.24511023 0.5778413  0.73332083
 0.11706313], Data: ETTh2

Epoch: 4, w_1: [ 0.03554128  0.0440516   0.25280854  0.0682761  -0.19745456 -0.02163223
  0.18635951], w_2: [0.25985485 0.22102998 0.0454111  0.24511023 0.5778413  0.73332083
 0.11706313], Data: ETTh2

Model:  TSMixer, pred_len:  96, Data:  ETTh2

Epoch: 1, w_1: [ 0.06282914  0.10005905 -0.00245776  0.07359277  0.00504048 -0.03032348
  0.09065252], w_2: [0.31384742 0.29274037 0.52699375 0.36641586 0.40820652 0.76751024
 0.2010793 ], Data: ETTh2

Epoch: 2, w_1: [ 0.06282914  0.10005905 -0.00245776  0.07359277  0.00504048 -0.03032348
  0.09065252], w_2: [0.31384742 0.29274037 0.52699375 0.36641586 0.40820652 0.76751024
 0.2010793 ], Data: ETTh2

Epoch: 3, w_1: [-0.0035777   0.0220611  -0.01918557 -0.03665364 -0.01503896 -0.01665466
  0.06089185], w_2: [0.3244883  0.29265445 0.4494154  0.39337587 0.41019198 0.5797033
 0.183854  ], Data: ETTh2

Epoch: 4, w_1: [-0.0035777   0.0220611  -0.01918557 -0.03665364 -0.01503896 -0.01665466
  0.06089185], w_2: [0.3244883  0.29265445 0.4494154  0.39337587 0.41019198 0.5797033
 0.183854  ], Data: ETTh2

Epoch: 5, w_1: [-0.0035777   0.0220611  -0.01918557 -0.03665364 -0.01503896 -0.01665466
  0.06089185], w_2: [0.3244883  0.29265445 0.4494154  0.39337587 0.41019198 0.5797033
 0.183854  ], Data: ETTh2

Model:  TSMixer, pred_len:  192, Data:  ETTh2

Epoch: 1, w_1: [ 0.11756367  0.11206618  0.02520732  0.14525297  0.05493369 -0.0292416
  0.10265552], w_2: [0.2559357  0.21257372 0.42980105 0.26209554 0.29584953 0.69101554
 0.17994867], Data: ETTh2

Epoch: 2, w_1: [ 0.04690326  0.07787424  0.02396047  0.04309137  0.05369545 -0.04252269
  0.04587421], w_2: [0.24228166 0.21867913 0.3134198  0.28813133 0.2193471  0.6140126
 0.1820403 ], Data: ETTh2

Epoch: 3, w_1: [ 0.05113982  0.04586687  0.04304923  0.01071748  0.10518442 -0.02006395
  0.03624575], w_2: [0.28396386 0.21223539 0.24736364 0.33353168 0.20640098 0.59531176
 0.1917132 ], Data: ETTh2

Epoch: 4, w_1: [ 0.05113982  0.04586687  0.04304923  0.01071748  0.10518442 -0.02006395
  0.03624575], w_2: [0.28396386 0.21223539 0.24736364 0.33353168 0.20640098 0.59531176
 0.1917132 ], Data: ETTh2

Epoch: 5, w_1: [ 0.05113982  0.04586687  0.04304923  0.01071748  0.10518442 -0.02006395
  0.03624575], w_2: [0.28396386 0.21223539 0.24736364 0.33353168 0.20640098 0.59531176
 0.1917132 ], Data: ETTh2

Model:  TSMixer, pred_len:  336, Data:  ETTh2

Epoch: 1, w_1: [0.14176454 0.10669693 0.05279477 0.11637212 0.11628224 0.00060863
 0.10787186], w_2: [0.3042453  0.22163764 0.4166617  0.2748214  0.2472863  0.7081247
 0.19897686], Data: ETTh2

Epoch: 2, w_1: [0.14176454 0.10669693 0.05279477 0.11637212 0.11628224 0.00060863
 0.10787186], w_2: [0.3042453  0.22163764 0.4166617  0.2748214  0.2472863  0.7081247
 0.19897686], Data: ETTh2

Epoch: 3, w_1: [0.14176454 0.10669693 0.05279477 0.11637212 0.11628224 0.00060863
 0.10787186], w_2: [0.3042453  0.22163764 0.4166617  0.2748214  0.2472863  0.7081247
 0.19897686], Data: ETTh2

Model:  TSMixer, pred_len:  720, Data:  ETTh2

Epoch: 1, w_1: [0.15213843 0.18226463 0.19750875 0.19033873 0.04717828 0.02352193
 0.12412867], w_2: [0.2884146  0.197154   0.08243098 0.22330397 0.27667332 0.6755482
 0.17684355], Data: ETTh2

Epoch: 2, w_1: [0.15213843 0.18226463 0.19750875 0.19033873 0.04717828 0.02352193
 0.12412867], w_2: [0.2884146  0.197154   0.08243098 0.22330397 0.27667332 0.6755482
 0.17684355], Data: ETTh2

Epoch: 3, w_1: [0.15213843 0.18226463 0.19750875 0.19033873 0.04717828 0.02352193
 0.12412867], w_2: [0.2884146  0.197154   0.08243098 0.22330397 0.27667332 0.6755482
 0.17684355], Data: ETTh2

Model:  PatchTST, pred_len:  96, Data:  ETTh2

Epoch: 1, w_1: [ 1.3598940e-01  8.6496048e-02  6.2354732e-02  7.8714013e-02
 -6.9713671e-05 -2.3330212e-02  1.4771707e-01], w_2: [0.3719234  0.34284383 0.5620675  0.3638589  0.46289557 0.764973
 0.26271775], Data: ETTh2

Epoch: 2, w_1: [ 1.3598940e-01  8.6496048e-02  6.2354732e-02  7.8714013e-02
 -6.9713671e-05 -2.3330212e-02  1.4771707e-01], w_2: [0.3719234  0.34284383 0.5620675  0.3638589  0.46289557 0.764973
 0.26271775], Data: ETTh2

Epoch: 3, w_1: [ 1.3598940e-01  8.6496048e-02  6.2354732e-02  7.8714013e-02
 -6.9713671e-05 -2.3330212e-02  1.4771707e-01], w_2: [0.3719234  0.34284383 0.5620675  0.3638589  0.46289557 0.764973
 0.26271775], Data: ETTh2

Model:  PatchTST, pred_len:  192, Data:  ETTh2

Epoch: 1, w_1: [ 0.14455816  0.10098533  0.05752872  0.12795539  0.02480009 -0.03242599
  0.15866414], w_2: [0.3158076  0.27842465 0.50684583 0.27917108 0.38013986 0.7793557
 0.24716304], Data: ETTh2

Epoch: 2, w_1: [ 0.14455816  0.10098533  0.05752872  0.12795539  0.02480009 -0.03242599
  0.15866414], w_2: [0.3158076  0.27842465 0.50684583 0.27917108 0.38013986 0.7793557
 0.24716304], Data: ETTh2

Epoch: 3, w_1: [ 0.04297834  0.03070886  0.00598949  0.06843845  0.00779283 -0.05340061
  0.06155936], w_2: [0.36798996 0.3384536  0.42520437 0.28703913 0.41557875 0.5181378
 0.235503  ], Data: ETTh2

Epoch: 4, w_1: [ 0.04297834  0.03070886  0.00598949  0.06843845  0.00779283 -0.05340061
  0.06155936], w_2: [0.36798996 0.3384536  0.42520437 0.28703913 0.41557875 0.5181378
 0.235503  ], Data: ETTh2

Epoch: 5, w_1: [ 0.04297834  0.03070886  0.00598949  0.06843845  0.00779283 -0.05340061
  0.06155936], w_2: [0.36798996 0.3384536  0.42520437 0.28703913 0.41557875 0.5181378
 0.235503  ], Data: ETTh2

Model:  PatchTST, pred_len:  336, Data:  ETTh2

Epoch: 1, w_1: [ 0.11204247  0.11394787  0.15004505  0.11841185  0.05096354 -0.03985054
  0.15983678], w_2: [0.36928898 0.2828658  0.43629637 0.28648534 0.28564113 0.7926387
 0.22058824], Data: ETTh2

Epoch: 2, w_1: [ 0.01591393 -0.00266693  0.08823653  0.00706639  0.09257501 -0.04959578
  0.08076341], w_2: [0.38520244 0.31928977 0.37469926 0.33578244 0.1488723  0.5343985
 0.19917603], Data: ETTh2

Epoch: 3, w_1: [ 0.01591393 -0.00266693  0.08823653  0.00706639  0.09257501 -0.04959578
  0.08076341], w_2: [0.38520244 0.31928977 0.37469926 0.33578244 0.1488723  0.5343985
 0.19917603], Data: ETTh2

Epoch: 4, w_1: [-0.00482426  0.01135499  0.10830545 -0.00190751  0.101974   -0.03448974
  0.07120581], w_2: [0.45550528 0.37302926 0.2499167  0.4253415  0.09900348 0.38186342
 0.18422973], Data: ETTh2

Epoch: 5, w_1: [-0.00511624  0.0089731   0.12643234 -0.00232354  0.09651492 -0.03380549
  0.07602378], w_2: [0.4591887  0.3696374  0.2263148  0.45136386 0.11374432 0.36056015
 0.1872586 ], Data: ETTh2

Epoch: 6, w_1: [-0.00511624  0.0089731   0.12643234 -0.00232354  0.09651492 -0.03380549
  0.07602378], w_2: [0.4591887  0.3696374  0.2263148  0.45136386 0.11374432 0.36056015
 0.1872586 ], Data: ETTh2

Model:  PatchTST, pred_len:  720, Data:  ETTh2

Epoch: 1, w_1: [0.14624779 0.1682562  0.252432   0.15566526 0.06403874 0.05363947
 0.22008666], w_2: [0.3407803  0.27381057 0.11574335 0.29306665 0.22618937 0.765749
 0.24080358], Data: ETTh2

Epoch: 2, w_1: [0.14624779 0.1682562  0.252432   0.15566526 0.06403874 0.05363947
 0.22008666], w_2: [0.3407803  0.27381057 0.11574335 0.29306665 0.22618937 0.765749
 0.24080358], Data: ETTh2

Epoch: 3, w_1: [ 0.06483299  0.08326391  0.32079747  0.07888812  0.12991239 -0.02939777
  0.14049932], w_2: [ 0.31634715  0.26750514 -0.07518551  0.28412557  0.04418395  0.65153044
  0.1926758 ], Data: ETTh2

Epoch: 4, w_1: [ 0.06483299  0.08326391  0.32079747  0.07888812  0.12991239 -0.02939777
  0.14049932], w_2: [ 0.31634715  0.26750514 -0.07518551  0.28412557  0.04418395  0.65153044
  0.1926758 ], Data: ETTh2

Epoch: 5, w_1: [ 0.06483299  0.08326391  0.32079747  0.07888812  0.12991239 -0.02939777
  0.14049932], w_2: [ 0.31634715  0.26750514 -0.07518551  0.28412557  0.04418395  0.65153044
  0.1926758 ], Data: ETTh2

Model:  SCINet, pred_len:  96, Data:  ETTh2

Epoch: 1, w_1: [0.218269   0.16614957 0.12794188 0.19155438 0.15652098 0.10384507
 0.2816559 ], w_2: [0.48096716 0.4895036  0.5104043  0.43043104 0.45118812 0.584319
 0.3118231 ], Data: ETTh2

Epoch: 2, w_1: [0.218269   0.16614957 0.12794188 0.19155438 0.15652098 0.10384507
 0.2816559 ], w_2: [0.48096716 0.4895036  0.5104043  0.43043104 0.45118812 0.584319
 0.3118231 ], Data: ETTh2

Epoch: 3, w_1: [0.218269   0.16614957 0.12794188 0.19155438 0.15652098 0.10384507
 0.2816559 ], w_2: [0.48096716 0.4895036  0.5104043  0.43043104 0.45118812 0.584319
 0.3118231 ], Data: ETTh2

Model:  SCINet, pred_len:  192, Data:  ETTh2

Epoch: 1, w_1: [0.25066397 0.22413751 0.20106569 0.22690918 0.21667092 0.24619026
 0.30185434], w_2: [0.4682115  0.42055172 0.44829595 0.42528015 0.48477972 0.4791169
 0.2948054 ], Data: ETTh2

Epoch: 2, w_1: [0.25066397 0.22413751 0.20106569 0.22690918 0.21667092 0.24619026
 0.30185434], w_2: [0.4682115  0.42055172 0.44829595 0.42528015 0.48477972 0.4791169
 0.2948054 ], Data: ETTh2

Epoch: 3, w_1: [0.25066397 0.22413751 0.20106569 0.22690918 0.21667092 0.24619026
 0.30185434], w_2: [0.4682115  0.42055172 0.44829595 0.42528015 0.48477972 0.4791169
 0.2948054 ], Data: ETTh2

Model:  SCINet, pred_len:  336, Data:  ETTh2

Epoch: 1, w_1: [0.20130932 0.1929622  0.2922843  0.21740283 0.16845788 0.27375382
 0.28890905], w_2: [0.43302956 0.36826319 0.43814278 0.37108457 0.4999307  0.50029004
 0.26884323], Data: ETTh2

Epoch: 2, w_1: [0.20130932 0.1929622  0.2922843  0.21740283 0.16845788 0.27375382
 0.28890905], w_2: [0.43302956 0.36826319 0.43814278 0.37108457 0.4999307  0.50029004
 0.26884323], Data: ETTh2

Epoch: 3, w_1: [0.20130932 0.1929622  0.2922843  0.21740283 0.16845788 0.27375382
 0.28890905], w_2: [0.43302956 0.36826319 0.43814278 0.37108457 0.4999307  0.50029004
 0.26884323], Data: ETTh2

Model:  SCINet, pred_len:  720, Data:  ETTh2

Epoch: 1, w_1: [0.14083745 0.13482796 0.4652668  0.13739425 0.19089645 0.58627176
 0.3032204 ], w_2: [0.4287663  0.33896878 0.38707379 0.35616624 0.4952106  0.11299472
 0.24228781], Data: ETTh2

Epoch: 2, w_1: [0.14083745 0.13482796 0.4652668  0.13739425 0.19089645 0.58627176
 0.3032204 ], w_2: [0.4287663  0.33896878 0.38707379 0.35616624 0.4952106  0.11299472
 0.24228781], Data: ETTh2

Epoch: 3, w_1: [0.14083745 0.13482796 0.4652668  0.13739425 0.19089645 0.58627176
 0.3032204 ], w_2: [0.4287663  0.33896878 0.38707379 0.35616624 0.4952106  0.11299472
 0.24228781], Data: ETTh2

Model:  Linear, pred_len:  96, Data:  ETTm1

Epoch: 1, w_1: [ 0.0603679   0.18887284  0.06301522  0.14978877  0.43127495 -0.10579095
  0.00621784], w_2: [0.31893176 0.11078589 0.30453202 0.1435337  0.00563984 0.47230422
 0.54309267], Data: ETTm1

Epoch: 2, w_1: [ 0.06365635  0.13560723  0.09013619  0.10827438  0.34306833 -0.14523067
  0.01154207], w_2: [0.25326794 0.08950249 0.24013507 0.11745714 0.00597848 0.37382898
 0.41592538], Data: ETTm1

Epoch: 3, w_1: [ 0.06365635  0.13560723  0.09013619  0.10827438  0.34306833 -0.14523067
  0.01154207], w_2: [0.25326794 0.08950249 0.24013507 0.11745714 0.00597848 0.37382898
 0.41592538], Data: ETTm1

Epoch: 4, w_1: [ 0.06608412  0.13450147  0.07790505  0.1059513   0.31697658 -0.13096361
  0.01254981], w_2: [0.23806639 0.09506125 0.22751069 0.1151364  0.04944729 0.3667236
 0.4126745 ], Data: ETTm1

Epoch: 5, w_1: [ 0.06608412  0.13450147  0.07790505  0.1059513   0.31697658 -0.13096361
  0.01254981], w_2: [0.23806639 0.09506125 0.22751069 0.1151364  0.04944729 0.3667236
 0.4126745 ], Data: ETTm1

Epoch: 6, w_1: [ 0.0717799   0.1365359   0.08181079  0.11128036  0.31213033 -0.12684701
  0.00929324], w_2: [0.23663819 0.10085583 0.22656177 0.12114725 0.0681835  0.36851898
 0.41884   ], Data: ETTm1

Model:  Linear, pred_len:  192, Data:  ETTm1

Epoch: 1, w_1: [ 0.09403782  0.19289151  0.11916287  0.15767893  0.34439042 -0.09652665
  0.0135597 ], w_2: [0.2579166  0.06296091 0.24712884 0.09718801 0.04622584 0.45242336
 0.4624261 ], Data: ETTm1

Epoch: 2, w_1: [ 0.09403782  0.19289151  0.11916287  0.15767893  0.34439042 -0.09652665
  0.0135597 ], w_2: [0.2579166  0.06296091 0.24712884 0.09718801 0.04622584 0.45242336
 0.4624261 ], Data: ETTm1

Epoch: 3, w_1: [ 0.10417134  0.14655729  0.10669317  0.11912383  0.2551076  -0.122197
  0.00481801], w_2: [0.19797875 0.06484881 0.19009267 0.08746791 0.06174073 0.35467088
 0.35381383], Data: ETTm1

Epoch: 4, w_1: [ 0.10417134  0.14655729  0.10669317  0.11912383  0.2551076  -0.122197
  0.00481801], w_2: [0.19797875 0.06484881 0.19009267 0.08746791 0.06174073 0.35467088
 0.35381383], Data: ETTm1

Epoch: 5, w_1: [ 0.10388314  0.14390282  0.10558617  0.11715808  0.2431936  -0.12526132
  0.00570796], w_2: [0.20199245 0.0744984  0.19377458 0.09487588 0.08892594 0.35319236
 0.3587342 ], Data: ETTm1

Epoch: 6, w_1: [ 0.10361111  0.1416772   0.10508823  0.11586618  0.23888998 -0.11908432
  0.01049046], w_2: [0.2020798  0.07598487 0.19372429 0.09702726 0.09251932 0.35769126
 0.36358953], Data: ETTm1

Model:  Linear, pred_len:  336, Data:  ETTm1

Epoch: 1, w_1: [ 0.13704555  0.21565309  0.14844218  0.18217514  0.32694703 -0.08766449
  0.02530702], w_2: [0.22951809 0.04744821 0.22022761 0.07538197 0.0349954  0.3945155
 0.38088274], Data: ETTm1

Epoch: 2, w_1: [ 0.13704555  0.21565309  0.14844218  0.18217514  0.32694703 -0.08766449
  0.02530702], w_2: [0.22951809 0.04744821 0.22022761 0.07538197 0.0349954  0.3945155
 0.38088274], Data: ETTm1

Epoch: 3, w_1: [ 0.10304854  0.15898682  0.10444768  0.13299634  0.23788878 -0.10646333
  0.01248117], w_2: [0.18235017 0.05132841 0.17595686 0.06861325 0.05272816 0.30825526
 0.28109822], Data: ETTm1

Epoch: 4, w_1: [ 0.10304854  0.15898682  0.10444768  0.13299634  0.23788878 -0.10646333
  0.01248117], w_2: [0.18235017 0.05132841 0.17595686 0.06861325 0.05272816 0.30825526
 0.28109822], Data: ETTm1

Epoch: 5, w_1: [ 0.10304854  0.15898682  0.10444768  0.13299634  0.23788878 -0.10646333
  0.01248117], w_2: [0.18235017 0.05132841 0.17595686 0.06861325 0.05272816 0.30825526
 0.28109822], Data: ETTm1

Model:  Linear, pred_len:  720, Data:  ETTm1

Epoch: 1, w_1: [ 0.16146395  0.19457301  0.16081384  0.16465434  0.36203012 -0.09806777
  0.00807536], w_2: [ 0.22262146  0.04362149  0.21504545  0.06114966 -0.00255358  0.34370816
  0.28783038], Data: ETTm1

Epoch: 2, w_1: [ 0.16146395  0.19457301  0.16081384  0.16465434  0.36203012 -0.09806777
  0.00807536], w_2: [ 0.22262146  0.04362149  0.21504545  0.06114966 -0.00255358  0.34370816
  0.28783038], Data: ETTm1

Epoch: 3, w_1: [ 0.16146395  0.19457301  0.16081384  0.16465434  0.36203012 -0.09806777
  0.00807536], w_2: [ 0.22262146  0.04362149  0.21504545  0.06114966 -0.00255358  0.34370816
  0.28783038], Data: ETTm1

Epoch: 4, w_1: [ 0.11527051  0.1510669   0.11416274  0.1326803   0.25809497 -0.07162777
  0.06271913], w_2: [0.16127111 0.05088487 0.15625238 0.05708934 0.05794743 0.27639237
 0.16359054], Data: ETTm1

Epoch: 5, w_1: [ 0.12261458  0.14742953  0.12091076  0.13069443  0.2524126  -0.07101725
  0.07089569], w_2: [0.16079004 0.05064542 0.15400779 0.0577006  0.05928116 0.28053156
 0.17652173], Data: ETTm1

Epoch: 6, w_1: [ 0.12295782  0.14644538  0.120812    0.12931037  0.25009874 -0.07079064
  0.07133119], w_2: [0.16394162 0.05252796 0.1568847  0.06023816 0.06182226 0.28498083
 0.17963842], Data: ETTm1

Model:  TSMixer, pred_len:  96, Data:  ETTm1

Epoch: 1, w_1: [0.08273415 0.16560225 0.09482066 0.11051296 0.19350396 0.01116956
 0.012364  ], w_2: [0.34186268 0.14635082 0.33711767 0.19405997 0.07196814 0.20244168
 0.32192832], Data: ETTm1

Epoch: 2, w_1: [ 0.08004058  0.17901655  0.07622997  0.12598813  0.13028882  0.01045825
 -0.00739689], w_2: [0.24101885 0.13342798 0.24454127 0.1659045  0.06484125 0.19235447
 0.23826785], Data: ETTm1

Epoch: 3, w_1: [0.08198497 0.15705998 0.0890512  0.11047475 0.13131462 0.00513072
 0.00517564], w_2: [0.2320133  0.12972267 0.22754507 0.16551241 0.08315379 0.16019459
 0.22723451], Data: ETTm1

Epoch: 4, w_1: [0.08116096 0.15485014 0.08130377 0.11239026 0.12936315 0.00525398
 0.00161843], w_2: [0.23145953 0.13972503 0.23110275 0.17613111 0.08041989 0.17090762
 0.2058616 ], Data: ETTm1

Epoch: 5, w_1: [0.08116096 0.15485014 0.08130377 0.11239026 0.12936315 0.00525398
 0.00161843], w_2: [0.23145953 0.13972503 0.23110275 0.17613111 0.08041989 0.17090762
 0.2058616 ], Data: ETTm1

Epoch: 6, w_1: [0.09033316 0.156286   0.09160768 0.11096124 0.13817762 0.01248101
 0.00396995], w_2: [0.23087724 0.14918698 0.230689   0.18293636 0.0880267  0.16734092
 0.20364304], Data: ETTm1

Model:  TSMixer, pred_len:  192, Data:  ETTm1

Epoch: 1, w_1: [ 0.10386945  0.19688012  0.11709613  0.13793443  0.1753564  -0.00063362
 -0.00439645], w_2: [0.26788414 0.10711306 0.2633449  0.16929889 0.10742477 0.26955163
 0.27250868], Data: ETTm1

Epoch: 2, w_1: [ 0.09182265  0.19639234  0.09548887  0.141946    0.14058042 -0.00665289
  0.00749309], w_2: [0.20316066 0.08254327 0.20532519 0.11916908 0.09012439 0.20874448
 0.19396155], Data: ETTm1

Epoch: 3, w_1: [ 0.09401291  0.18567903  0.09911685  0.13161965  0.12278388 -0.00406487
  0.00374488], w_2: [0.1935138  0.09270895 0.19247954 0.13360086 0.08806395 0.19532208
 0.16605349], Data: ETTm1

Epoch: 4, w_1: [ 0.10679648  0.18195759  0.11050863  0.13240203  0.13096708 -0.00434995
  0.00349638], w_2: [0.19548422 0.1047681  0.19360103 0.13862966 0.09646783 0.18830033
 0.17179777], Data: ETTm1

Epoch: 5, w_1: [ 0.10679648  0.18195759  0.11050863  0.13240203  0.13096708 -0.00434995
  0.00349638], w_2: [0.19548422 0.1047681  0.19360103 0.13862966 0.09646783 0.18830033
 0.17179777], Data: ETTm1

Epoch: 6, w_1: [ 0.10679648  0.18195759  0.11050863  0.13240203  0.13096708 -0.00434995
  0.00349638], w_2: [0.19548422 0.1047681  0.19360103 0.13862966 0.09646783 0.18830033
 0.17179777], Data: ETTm1

Model:  TSMixer, pred_len:  336, Data:  ETTm1

Epoch: 1, w_1: [0.1329284  0.22572657 0.14154983 0.1600434  0.17128801 0.00510678
 0.0051617 ], w_2: [0.24202982 0.06090523 0.24662451 0.10667304 0.08089551 0.21705392
 0.23504879], Data: ETTm1

Epoch: 2, w_1: [0.10467258 0.22823241 0.10867055 0.17751247 0.14455986 0.00617792
 0.00584886], w_2: [0.19746813 0.05599942 0.19580212 0.08914307 0.06047146 0.17241152
 0.20156388], Data: ETTm1

Epoch: 3, w_1: [0.10662055 0.18774936 0.1104285  0.14196049 0.11606306 0.00298087
 0.00031962], w_2: [0.16078046 0.07854759 0.16313489 0.10278802 0.08167455 0.184384
 0.18119279], Data: ETTm1

Epoch: 4, w_1: [ 0.11483658  0.19259013  0.11811264  0.14434579  0.1300878  -0.00556475
 -0.00223505], w_2: [0.16814978 0.08353705 0.168141   0.1124554  0.07725638 0.18870947
 0.17297955], Data: ETTm1

Epoch: 5, w_1: [ 0.11841642  0.18898115  0.12245822  0.14351258  0.13024293 -0.00695565
  0.00137898], w_2: [0.17046635 0.09066162 0.17033423 0.12113097 0.08332964 0.18013579
 0.17100331], Data: ETTm1

Epoch: 6, w_1: [ 0.11986173  0.19095469  0.12279035  0.14420554  0.13544111 -0.00705915
  0.00222767], w_2: [0.17203376 0.09540391 0.17299262 0.12612157 0.08649822 0.18118368
 0.17387865], Data: ETTm1

Model:  TSMixer, pred_len:  720, Data:  ETTm1

Epoch: 1, w_1: [ 0.12486199  0.23235545  0.12268436  0.20457278  0.16488336  0.01017899
 -0.01701635], w_2: [0.22759676 0.02880508 0.22946356 0.03986442 0.0250152  0.19211315
 0.27440986], Data: ETTm1

Epoch: 2, w_1: [0.09598523 0.19371487 0.10276151 0.15788625 0.14250287 0.02859893
 0.01027707], w_2: [0.1623297  0.05441405 0.15884538 0.06780761 0.03373305 0.10459008
 0.22150052], Data: ETTm1

Epoch: 3, w_1: [ 0.10648823  0.16646649  0.10891294  0.14138052  0.12132145  0.00305128
 -0.01626054], w_2: [0.15167096 0.08372165 0.15293398 0.10622252 0.05069136 0.12498542
 0.23305155], Data: ETTm1

Epoch: 4, w_1: [ 0.11633037  0.16698569  0.12322985  0.13834625  0.1323793   0.01339532
 -0.00652558], w_2: [0.15209773 0.08493443 0.15224588 0.10539483 0.05729959 0.13358878
 0.2384567 ], Data: ETTm1

Epoch: 5, w_1: [ 0.12540832  0.16453314  0.13119863  0.13562752  0.1348831   0.01554418
 -0.01106771], w_2: [0.15196417 0.09340876 0.15305693 0.1138551  0.06065255 0.13407484
 0.24063933], Data: ETTm1

Epoch: 6, w_1: [ 0.12540832  0.16453314  0.13119863  0.13562752  0.1348831   0.01554418
 -0.01106771], w_2: [0.15196417 0.09340876 0.15305693 0.1138551  0.06065255 0.13407484
 0.24063933], Data: ETTm1

Model:  PatchTST, pred_len:  96, Data:  ETTm1

Epoch: 1, w_1: [0.08638817 0.07906191 0.08450872 0.06143833 0.33123276 0.0010562
 0.01590692], w_2: [0.42399472 0.28677034 0.43371376 0.32726702 0.04808741 0.3066022
 0.41810754], Data: ETTm1

Epoch: 2, w_1: [0.08638817 0.07906191 0.08450872 0.06143833 0.33123276 0.0010562
 0.01590692], w_2: [0.42399472 0.28677034 0.43371376 0.32726702 0.04808741 0.3066022
 0.41810754], Data: ETTm1

Epoch: 3, w_1: [0.08638817 0.07906191 0.08450872 0.06143833 0.33123276 0.0010562
 0.01590692], w_2: [0.42399472 0.28677034 0.43371376 0.32726702 0.04808741 0.3066022
 0.41810754], Data: ETTm1
Model:  PatchTST, pred_len:  192, Data:  ETTm1

Epoch: 1, w_1: [0.10837299 0.11621215 0.1136978  0.08592415 0.29961234 0.00063994
 0.01294813], w_2: [0.34901002 0.19259731 0.3511342  0.25763848 0.05603729 0.2633023
 0.23212422], Data: ETTm1

Epoch: 2, w_1: [0.10837299 0.11621215 0.1136978  0.08592415 0.29961234 0.00063994
 0.01294813], w_2: [0.34901002 0.19259731 0.3511342  0.25763848 0.05603729 0.2633023
 0.23212422], Data: ETTm1

Epoch: 3, w_1: [0.10837299 0.11621215 0.1136978  0.08592415 0.29961234 0.00063994
 0.01294813], w_2: [0.34901002 0.19259731 0.3511342  0.25763848 0.05603729 0.2633023
 0.23212422], Data: ETTm1
Model:  PatchTST, pred_len:  336, Data:  ETTm1

Epoch: 1, w_1: [0.15626149 0.13961644 0.16244283 0.11031962 0.3219098  0.04939451
 0.01390661], w_2: [ 0.33227748  0.09959175  0.3256691   0.16929065 -0.01273658  0.16350894
  0.17257933], Data: ETTm1

Epoch: 2, w_1: [0.15626149 0.13961644 0.16244283 0.11031962 0.3219098  0.04939451
 0.01390661], w_2: [ 0.33227748  0.09959175  0.3256691   0.16929065 -0.01273658  0.16350894
  0.17257933], Data: ETTm1

Epoch: 3, w_1: [0.15626149 0.13961644 0.16244283 0.11031962 0.3219098  0.04939451
 0.01390661], w_2: [ 0.33227748  0.09959175  0.3256691   0.16929065 -0.01273658  0.16350894
  0.17257933], Data: ETTm1

Model:  PatchTST, pred_len:  720, Data:  ETTm1

Epoch: 1, w_1: [0.16796882 0.13648698 0.1736736  0.08470493 0.3895256  0.06830747
 0.03148903], w_2: [ 0.2834705   0.16856225  0.27381632  0.25579923 -0.07217095  0.0781278
  0.21523416], Data: ETTm1

Epoch: 2, w_1: [0.16796882 0.13648698 0.1736736  0.08470493 0.3895256  0.06830747
 0.03148903], w_2: [ 0.2834705   0.16856225  0.27381632  0.25579923 -0.07217095  0.0781278
  0.21523416], Data: ETTm1

Epoch: 3, w_1: [0.16796882 0.13648698 0.1736736  0.08470493 0.3895256  0.06830747
 0.03148903], w_2: [ 0.2834705   0.16856225  0.27381632  0.25579923 -0.07217095  0.0781278
  0.21523416], Data: ETTm1

Epoch: 4, w_1: [0.16078031 0.14043666 0.1578324  0.12127042 0.27125695 0.06744178
 0.02294979], w_2: [0.2226548  0.12207757 0.24541302 0.16953388 0.02444831 0.13262378
 0.15926298], Data: ETTm1

Epoch: 5, w_1: [0.16069143 0.13705608 0.1540743  0.12702008 0.26375285 0.05929563
 0.02012984], w_2: [0.22771402 0.1234017  0.2518945  0.17489578 0.04011275 0.12776054
 0.16120991], Data: ETTm1

Epoch: 6, w_1: [0.16069143 0.13705608 0.1540743  0.12702008 0.26375285 0.05929563
 0.02012984], w_2: [0.22771402 0.1234017  0.2518945  0.17489578 0.04011275 0.12776054
 0.16120991], Data: ETTm1

Model:  SCINet, pred_len:  96, Data:  ETTm1

Epoch: 1, w_1: [0.12926011 0.1784189  0.12302579 0.15196179 0.38645062 0.06660868
 0.01545199], w_2: [0.27978393 0.10746739 0.25546467 0.12290893 0.14705884 0.34498918
 0.47846755], Data: ETTm1

Epoch: 2, w_1: [0.12926011 0.1784189  0.12302579 0.15196179 0.38645062 0.06660868
 0.01545199], w_2: [0.27978393 0.10746739 0.25546467 0.12290893 0.14705884 0.34498918
 0.47846755], Data: ETTm1

Epoch: 3, w_1: [0.12926011 0.1784189  0.12302579 0.15196179 0.38645062 0.06660868
 0.01545199], w_2: [0.27978393 0.10746739 0.25546467 0.12290893 0.14705884 0.34498918
 0.47846755], Data: ETTm1
Model:  SCINet, pred_len:  192, Data:  ETTm1

Epoch: 1, w_1: [0.17022745 0.17879756 0.1534072  0.14274317 0.35633335 0.03517007
 0.04900829], w_2: [0.19657089 0.04357915 0.21559216 0.08890376 0.14750642 0.36557943
 0.39093414], Data: ETTm1

Epoch: 2, w_1: [0.16751926 0.16107887 0.15054981 0.13371053 0.25910386 0.06422387
 0.05666664], w_2: [0.13565499 0.03778905 0.14720744 0.05635014 0.11721496 0.23312354
 0.20910749], Data: ETTm1

Epoch: 3, w_1: [0.16751926 0.16107887 0.15054981 0.13371053 0.25910386 0.06422387
 0.05666664], w_2: [0.13565499 0.03778905 0.14720744 0.05635014 0.11721496 0.23312354
 0.20910749], Data: ETTm1

Epoch: 4, w_1: [0.16751926 0.16107887 0.15054981 0.13371053 0.25910386 0.06422387
 0.05666664], w_2: [0.13565499 0.03778905 0.14720744 0.05635014 0.11721496 0.23312354
 0.20910749], Data: ETTm1

Model:  SCINet, pred_len:  336, Data:  ETTm1

Epoch: 1, w_1: [0.22443725 0.21181518 0.20604776 0.17131515 0.3390272  0.09391801
 0.07222614], w_2: [0.18064147 0.02722416 0.20466535 0.06651769 0.10267545 0.21923536
 0.15477355], Data: ETTm1

Epoch: 2, w_1: [0.22443725 0.21181518 0.20604776 0.17131515 0.3390272  0.09391801
 0.07222614], w_2: [0.18064147 0.02722416 0.20466535 0.06651769 0.10267545 0.21923536
 0.15477355], Data: ETTm1

Epoch: 3, w_1: [0.22443725 0.21181518 0.20604776 0.17131515 0.3390272  0.09391801
 0.07222614], w_2: [0.18064147 0.02722416 0.20466535 0.06651769 0.10267545 0.21923536
 0.15477355], Data: ETTm1

Model:  SCINet, pred_len:  720, Data:  ETTm1

Epoch: 1, w_1: [0.27445838 0.22959359 0.2521427  0.19214171 0.3238772  0.13969667
 0.06619866], w_2: [0.13315967 0.03725374 0.17193215 0.04040592 0.07936554 0.13857102
 0.2187046 ], Data: ETTm1

Epoch: 2, w_1: [0.27445838 0.22959359 0.2521427  0.19214171 0.3238772  0.13969667
 0.06619866], w_2: [0.13315967 0.03725374 0.17193215 0.04040592 0.07936554 0.13857102
 0.2187046 ], Data: ETTm1

Epoch: 3, w_1: [0.23177001 0.17768332 0.227453   0.17047058 0.22132431 0.13333575
 0.09874783], w_2: [0.08733279 0.03233307 0.10774587 0.01414723 0.08298741 0.11112037
 0.10192003], Data: ETTm1

Epoch: 4, w_1: [0.23177001 0.17768332 0.227453   0.17047058 0.22132431 0.13333575
 0.09874783], w_2: [0.08733279 0.03233307 0.10774587 0.01414723 0.08298741 0.11112037
 0.10192003], Data: ETTm1

Epoch: 5, w_1: [0.23177001 0.17768332 0.227453   0.17047058 0.22132431 0.13333575
 0.09874783], w_2: [0.08733279 0.03233307 0.10774587 0.01414723 0.08298741 0.11112037
 0.10192003], Data: ETTm1

Model:  Linear, pred_len:  96, Data:  ETTm2

Epoch: 1, w_1: [-0.02876106 -0.12245518 -0.01287479 -0.14450057 -0.03345667 -0.05436199
  0.03526353], w_2: [0.3901626  0.4672155  0.46509308 0.46493548 0.44878265 0.62276685
 0.5210795 ], Data: ETTm2

Epoch: 2, w_1: [ 0.00193155 -0.12848052  0.01419462 -0.1049083  -0.07322656 -0.05840954
  0.02853084], w_2: [0.29898784 0.3902325  0.33115825 0.3598398  0.30483338 0.5465953
 0.3898921 ], Data: ETTm2

Epoch: 3, w_1: [-0.00757641 -0.13576679  0.01053458 -0.09685069 -0.08007134 -0.05275895
  0.02906943], w_2: [0.2742968  0.37198263 0.33978462 0.3349084  0.3437207  0.57891697
 0.37687892], Data: ETTm2

Epoch: 4, w_1: [-0.00757641 -0.13576679  0.01053458 -0.09685069 -0.08007134 -0.05275895
  0.02906943], w_2: [0.2742968  0.37198263 0.33978462 0.3349084  0.3437207  0.57891697
 0.37687892], Data: ETTm2

Epoch: 5, w_1: [-0.00790917 -0.14239345  0.00783416 -0.10304516 -0.07449687 -0.05638857
  0.04468787], w_2: [0.29860607 0.3822001  0.34049216 0.35007545 0.33526558 0.6021444
 0.39922577], Data: ETTm2

Epoch: 6, w_1: [-0.00790917 -0.14239345  0.00783416 -0.10304516 -0.07449687 -0.05638857
  0.04468787], w_2: [0.29860607 0.3822001  0.34049216 0.35007545 0.33526558 0.6021444
 0.39922577], Data: ETTm2

Model:  Linear, pred_len:  192, Data:  ETTm2

Epoch: 1, w_1: [-0.02411729 -0.12332549  0.02828672 -0.10331733 -0.07067657 -0.05623086
  0.06833746], w_2: [0.31921807 0.40219373 0.39530534 0.38346982 0.4288102  0.6492456
 0.4006749 ], Data: ETTm2

Epoch: 2, w_1: [-0.02411729 -0.12332549  0.02828672 -0.10331733 -0.07067657 -0.05623086
  0.06833746], w_2: [0.31921807 0.40219373 0.39530534 0.38346982 0.4288102  0.6492456
 0.4006749 ], Data: ETTm2

Epoch: 3, w_1: [-0.02518548 -0.15946801 -0.01066447 -0.08230931 -0.08389441 -0.05217556
  0.06065802], w_2: [0.2668071  0.33687714 0.3158991  0.2807012  0.3409537  0.5636974
 0.27542862], Data: ETTm2

Epoch: 4, w_1: [-0.03433254 -0.15997508  0.00530839 -0.07414056 -0.08246659 -0.05665634
  0.06586094], w_2: [0.2713166  0.32661605 0.30125743 0.28977597 0.33529574 0.5939029
 0.28001207], Data: ETTm2

Epoch: 5, w_1: [-0.03503083 -0.15938558  0.01534424 -0.07829013 -0.08280622 -0.05647698
  0.06943894], w_2: [0.27531272 0.32821992 0.30577984 0.28969768 0.3317409  0.6005601
 0.28796157], Data: ETTm2

Epoch: 6, w_1: [-0.03894888 -0.16306904  0.01231464 -0.08181054 -0.07860678 -0.05345737
  0.06812289], w_2: [0.27859384 0.32747364 0.3050302  0.2911669  0.33387592 0.60732347
 0.2902595 ], Data: ETTm2

Model:  Linear, pred_len:  336, Data:  ETTm2

Epoch: 1, w_1: [ 0.11579303 -0.10393845  0.02573483 -0.10398688 -0.04373438 -0.04311467
  0.11347759], w_2: [0.16501793 0.31787404 0.34868455 0.3055431  0.40076336 0.6097253
 0.2596794 ], Data: ETTm2

Epoch: 2, w_1: [ 0.11579303 -0.10393845  0.02573483 -0.10398688 -0.04373438 -0.04311467
  0.11347759], w_2: [0.16501793 0.31787404 0.34868455 0.3055431  0.40076336 0.6097253
 0.2596794 ], Data: ETTm2

Epoch: 3, w_1: [ 0.11579303 -0.10393845  0.02573483 -0.10398688 -0.04373438 -0.04311467
  0.11347759], w_2: [0.16501793 0.31787404 0.34868455 0.3055431  0.40076336 0.6097253
 0.2596794 ], Data: ETTm2

Model:  Linear, pred_len:  720, Data:  ETTm2

Epoch: 1, w_1: [ 0.07290176 -0.06284728  0.07673847 -0.00569726  0.09168956 -0.05412602
  0.13200147], w_2: [0.13618676 0.25910655 0.22033866 0.21756212 0.08998247 0.5752454
 0.17954789], Data: ETTm2

Epoch: 2, w_1: [ 0.07290176 -0.06284728  0.07673847 -0.00569726  0.09168956 -0.05412602
  0.13200147], w_2: [0.13618676 0.25910655 0.22033866 0.21756212 0.08998247 0.5752454
 0.17954789], Data: ETTm2

Epoch: 3, w_1: [ 0.10262236 -0.08893664  0.06066661 -0.02923235  0.07152695 -0.06125733
  0.09250183], w_2: [0.1047545  0.2387626  0.18858838 0.19904426 0.09686015 0.6342024
 0.13281769], Data: ETTm2

Epoch: 4, w_1: [ 0.10262236 -0.08893664  0.06066661 -0.02923235  0.07152695 -0.06125733
  0.09250183], w_2: [0.1047545  0.2387626  0.18858838 0.19904426 0.09686015 0.6342024
 0.13281769], Data: ETTm2

Epoch: 5, w_1: [ 0.10262236 -0.08893664  0.06066661 -0.02923235  0.07152695 -0.06125733
  0.09250183], w_2: [0.1047545  0.2387626  0.18858838 0.19904426 0.09686015 0.6342024
 0.13281769], Data: ETTm2

Model:  TSMixer, pred_len:  96, Data:  ETTm2

Epoch: 1, w_1: [ 0.01296651 -0.01241329  0.00981024 -0.01882622 -0.0113991  -0.00617605
  0.05882754], w_2: [0.4050247  0.34930232 0.45984727 0.3327344  0.43393007 0.4502276
 0.4371883 ], Data: ETTm2

Epoch: 2, w_1: [-0.00224309 -0.01641423  0.02520699 -0.03390237 -0.00105865 -0.00397582
  0.03405448], w_2: [0.3038145  0.2893861  0.333296   0.27342603 0.34082702 0.2920255
 0.34215355], Data: ETTm2

Epoch: 3, w_1: [-0.0018281  -0.01506408 -0.00847911 -0.01382077 -0.01085042 -0.00853283
  0.02889035], w_2: [0.3092715  0.26585937 0.36420622 0.25751764 0.32438782 0.35082206
 0.3316926 ], Data: ETTm2

Epoch: 4, w_1: [-0.0018281  -0.01506408 -0.00847911 -0.01382077 -0.01085042 -0.00853283
  0.02889035], w_2: [0.3092715  0.26585937 0.36420622 0.25751764 0.32438782 0.35082206
 0.3316926 ], Data: ETTm2

Epoch: 5, w_1: [-0.0018281  -0.01506408 -0.00847911 -0.01382077 -0.01085042 -0.00853283
  0.02889035], w_2: [0.3092715  0.26585937 0.36420622 0.25751764 0.32438782 0.35082206
 0.3316926 ], Data: ETTm2

Model:  TSMixer, pred_len:  192, Data:  ETTm2

Epoch: 1, w_1: [ 0.03719541 -0.01625118  0.01012471 -0.01658936 -0.01745947 -0.00696077
  0.03268985], w_2: [0.33157873 0.30838346 0.38064125 0.28679058 0.3672697  0.4355912
 0.34080192], Data: ETTm2

Epoch: 2, w_1: [ 0.01266118 -0.01703399  0.01027443 -0.01850712 -0.02654244 -0.01065695
  0.02355323], w_2: [0.26286304 0.22218141 0.27928627 0.20038575 0.32354078 0.303201
 0.2868213 ], Data: ETTm2

Epoch: 3, w_1: [ 0.01266118 -0.01703399  0.01027443 -0.01850712 -0.02654244 -0.01065695
  0.02355323], w_2: [0.26286304 0.22218141 0.27928627 0.20038575 0.32354078 0.303201
 0.2868213 ], Data: ETTm2

Epoch: 4, w_1: [ 0.01266118 -0.01703399  0.01027443 -0.01850712 -0.02654244 -0.01065695
  0.02355323], w_2: [0.26286304 0.22218141 0.27928627 0.20038575 0.32354078 0.303201
 0.2868213 ], Data: ETTm2

Model:  TSMixer, pred_len:  336, Data:  ETTm2

Epoch: 1, w_1: [ 0.05122994 -0.00188644  0.01264892 -0.00840997  0.01063586 -0.00464777
  0.04522901], w_2: [0.21129358 0.21231177 0.270023   0.2146831  0.23703688 0.37953213
 0.21161367], Data: ETTm2

Epoch: 2, w_1: [ 0.05122994 -0.00188644  0.01264892 -0.00840997  0.01063586 -0.00464777
  0.04522901], w_2: [0.21129358 0.21231177 0.270023   0.2146831  0.23703688 0.37953213
 0.21161367], Data: ETTm2

Epoch: 3, w_1: [ 0.05122994 -0.00188644  0.01264892 -0.00840997  0.01063586 -0.00464777
  0.04522901], w_2: [0.21129358 0.21231177 0.270023   0.2146831  0.23703688 0.37953213
 0.21161367], Data: ETTm2

Epoch: 4, w_1: [ 0.02754428  0.01474874  0.01924459  0.01179068  0.00174235 -0.00429044
  0.05253083], w_2: [0.18009983 0.16462393 0.19754778 0.18003936 0.2469137  0.28653356
 0.20415542], Data: ETTm2

Epoch: 5, w_1: [ 0.02754428  0.01474874  0.01924459  0.01179068  0.00174235 -0.00429044
  0.05253083], w_2: [0.18009983 0.16462393 0.19754778 0.18003936 0.2469137  0.28653356
 0.20415542], Data: ETTm2

Epoch: 6, w_1: [ 0.02754428  0.01474874  0.01924459  0.01179068  0.00174235 -0.00429044
  0.05253083], w_2: [0.18009983 0.16462393 0.19754778 0.18003936 0.2469137  0.28653356
 0.20415542], Data: ETTm2

Model:  TSMixer, pred_len:  720, Data:  ETTm2

Epoch: 1, w_1: [ 0.05027004  0.0254995   0.03527838  0.0217624   0.01750649 -0.00643311
  0.06468242], w_2: [0.15198462 0.15382332 0.17793472 0.19711499 0.07754772 0.44781727
 0.22094269], Data: ETTm2

Epoch: 2, w_1: [ 0.05071777  0.03291964  0.02652408  0.03249255  0.06277023 -0.02483341
  0.03931651], w_2: [0.1277815  0.13109098 0.12760472 0.14646283 0.10955428 0.3595382
 0.16762957], Data: ETTm2

Epoch: 3, w_1: [0.04231666 0.03532103 0.03419399 0.03317191 0.04538308 0.00243623
 0.05126568], w_2: [0.15784286 0.12571014 0.12488381 0.14111704 0.13171403 0.37098697
 0.15940379], Data: ETTm2

Epoch: 4, w_1: [0.04231666 0.03532103 0.03419399 0.03317191 0.04538308 0.00243623
 0.05126568], w_2: [0.15784286 0.12571014 0.12488381 0.14111704 0.13171403 0.37098697
 0.15940379], Data: ETTm2

Epoch: 5, w_1: [0.04231666 0.03532103 0.03419399 0.03317191 0.04538308 0.00243623
 0.05126568], w_2: [0.15784286 0.12571014 0.12488381 0.14111704 0.13171403 0.37098697
 0.15940379], Data: ETTm2

Model:  PatchTST, pred_len:  96, Data:  ETTm2

Epoch: 1, w_1: [-0.02638951 -0.03160615 -0.02448733 -0.04213159 -0.02989204 -0.019412
  0.05159588], w_2: [0.47187805 0.54307574 0.45490864 0.480177   0.42707795 0.52591115
 0.2813219 ], Data: ETTm2

Epoch: 2, w_1: [ 0.00961369 -0.01843591  0.00842862 -0.02829082 -0.03560725 -0.00506313
  0.03015501], w_2: [0.39636144 0.5529051  0.39115837 0.49112907 0.39967924 0.43456665
 0.2629462 ], Data: ETTm2

Epoch: 3, w_1: [ 0.00961369 -0.01843591  0.00842862 -0.02829082 -0.03560725 -0.00506313
  0.03015501], w_2: [0.39636144 0.5529051  0.39115837 0.49112907 0.39967924 0.43456665
 0.2629462 ], Data: ETTm2

Epoch: 4, w_1: [ 0.03127069  0.000892    0.00884035 -0.00163653 -0.02945793 -0.01915575
  0.03251711], w_2: [0.4054588  0.53146535 0.38742903 0.5047886  0.36244893 0.41531762
 0.24132624], Data: ETTm2

Epoch: 5, w_1: [ 0.02088154 -0.01042188  0.0095012   0.00102509 -0.03270831 -0.01780452
  0.03234489], w_2: [0.40053695 0.53348315 0.37954926 0.5138158  0.36102265 0.41619405
 0.24873088], Data: ETTm2

Epoch: 6, w_1: [ 0.02088154 -0.01042188  0.0095012   0.00102509 -0.03270831 -0.01780452
  0.03234489], w_2: [0.40053695 0.53348315 0.37954926 0.5138158  0.36102265 0.41619405
 0.24873088], Data: ETTm2

Model:  PatchTST, pred_len:  192, Data:  ETTm2

Epoch: 1, w_1: [-0.0314246  -0.05734279 -0.02768648 -0.05713587 -0.02611752 -0.02478489
  0.05371675], w_2: [0.4234218  0.5107843  0.48276252 0.44205153 0.41426647 0.5015121
 0.19292063], Data: ETTm2

Epoch: 2, w_1: [ 0.01481742  0.0003614  -0.0200735  -0.01541732 -0.03312206 -0.01210616
  0.05376498], w_2: [0.36326474 0.4553791  0.36504507 0.43569902 0.3739015  0.46236762
 0.13842519], Data: ETTm2

Epoch: 3, w_1: [ 0.01926749 -0.00310323  0.00664844  0.00284306 -0.02777042 -0.00719222
  0.05874417], w_2: [0.37720615 0.46507603 0.3584561  0.40622628 0.3450685  0.41930062
 0.16179122], Data: ETTm2

Epoch: 4, w_1: [ 0.01926749 -0.00310323  0.00664844  0.00284306 -0.02777042 -0.00719222
  0.05874417], w_2: [0.37720615 0.46507603 0.3584561  0.40622628 0.3450685  0.41930062
 0.16179122], Data: ETTm2

Epoch: 5, w_1: [ 0.02311318  0.00071579  0.00813829  0.02801198 -0.02806087 -0.01109007
  0.05792338], w_2: [0.3644496  0.46919882 0.35426682 0.4161564  0.3475416  0.38669726
 0.17715341], Data: ETTm2

Epoch: 6, w_1: [ 0.02311318  0.00071579  0.00813829  0.02801198 -0.02806087 -0.01109007
  0.05792338], w_2: [0.3644496  0.46919882 0.35426682 0.4161564  0.3475416  0.38669726
 0.17715341], Data: ETTm2

Model:  PatchTST, pred_len:  336, Data:  ETTm2

Epoch: 1, w_1: [ 0.01805652 -0.00996538  0.0043621  -0.01857052 -0.0432693  -0.01922887
  0.05326341], w_2: [0.3659848  0.42402333 0.40767986 0.41458538 0.34164044 0.4001137
 0.19313493], Data: ETTm2

Epoch: 2, w_1: [-0.02918491  0.01822444 -0.01584196  0.03057523 -0.00232686 -0.01393276
  0.06381454], w_2: [0.3961971  0.43803027 0.3315955  0.3544722  0.24956009 0.31630224
 0.10495771], Data: ETTm2

Epoch: 3, w_1: [-0.04083322  0.00121047 -0.01892697  0.05649188  0.00666036 -0.01068542
  0.05178067], w_2: [0.42339242 0.4579723  0.3408831  0.31981668 0.25173664 0.29609722
 0.11721895], Data: ETTm2

Epoch: 4, w_1: [-0.04083322  0.00121047 -0.01892697  0.05649188  0.00666036 -0.01068542
  0.05178067], w_2: [0.42339242 0.4579723  0.3408831  0.31981668 0.25173664 0.29609722
 0.11721895], Data: ETTm2

Epoch: 5, w_1: [-0.04083322  0.00121047 -0.01892697  0.05649188  0.00666036 -0.01068542
  0.05178067], w_2: [0.42339242 0.4579723  0.3408831  0.31981668 0.25173664 0.29609722
 0.11721895], Data: ETTm2

Model:  PatchTST, pred_len:  720, Data:  ETTm2

Epoch: 1, w_1: [-0.02018295 -0.10788907  0.03614878 -0.21449205 -0.03850698  0.00216815
  0.05239744], w_2: [0.37143686 0.4732814  0.24046597 0.5447242  0.29063547 0.27696362
 0.1615069 ], Data: ETTm2

Epoch: 2, w_1: [-0.02018295 -0.10788907  0.03614878 -0.21449205 -0.03850698  0.00216815
  0.05239744], w_2: [0.37143686 0.4732814  0.24046597 0.5447242  0.29063547 0.27696362
 0.1615069 ], Data: ETTm2

Epoch: 3, w_1: [-0.02018295 -0.10788907  0.03614878 -0.21449205 -0.03850698  0.00216815
  0.05239744], w_2: [0.37143686 0.4732814  0.24046597 0.5447242  0.29063547 0.27696362
 0.1615069 ], Data: ETTm2

Model:  SCINet, pred_len:  96, Data:  ETTm2

Epoch: 1, w_1: [ 0.00686905 -0.08251569  0.00467491 -0.02715605 -0.03885356 -0.02469211
  0.02380976], w_2: [0.5384098  0.4972327  0.5271558  0.44701612 0.41275924 0.5160193
 0.35393542], Data: ETTm2

Epoch: 2, w_1: [ 0.00306569 -0.02705928  0.00574869  0.00384033 -0.02391541 -0.01541425
  0.03734386], w_2: [0.38475227 0.37913832 0.3538311  0.33781853 0.37411386 0.45986065
 0.27737254], Data: ETTm2

Epoch: 3, w_1: [ 0.00306569 -0.02705928  0.00574869  0.00384033 -0.02391541 -0.01541425
  0.03734386], w_2: [0.38475227 0.37913832 0.3538311  0.33781853 0.37411386 0.45986065
 0.27737254], Data: ETTm2

Epoch: 4, w_1: [ 0.00306569 -0.02705928  0.00574869  0.00384033 -0.02391541 -0.01541425
  0.03734386], w_2: [0.38475227 0.37913832 0.3538311  0.33781853 0.37411386 0.45986065
 0.27737254], Data: ETTm2

Model:  SCINet, pred_len:  192, Data:  ETTm2

Epoch: 1, w_1: [ 0.02313957 -0.00430871 -0.00701058  0.03664926 -0.06755269 -0.01986386
  0.06893396], w_2: [0.51066583 0.4250868  0.44895065 0.32464415 0.4970054  0.4977471
 0.26602557], Data: ETTm2

Epoch: 2, w_1: [ 0.02313957 -0.00430871 -0.00701058  0.03664926 -0.06755269 -0.01986386
  0.06893396], w_2: [0.51066583 0.4250868  0.44895065 0.32464415 0.4970054  0.4977471
 0.26602557], Data: ETTm2

Epoch: 3, w_1: [ 0.02313957 -0.00430871 -0.00701058  0.03664926 -0.06755269 -0.01986386
  0.06893396], w_2: [0.51066583 0.4250868  0.44895065 0.32464415 0.4970054  0.4977471
 0.26602557], Data: ETTm2

Model:  SCINet, pred_len:  336, Data:  ETTm2

Epoch: 1, w_1: [-0.07550557 -0.03293435 -0.03587684  0.08873501 -0.05322921 -0.07596805
  0.09935388], w_2: [0.52281046 0.436862   0.6829242  0.31275758 0.5777638  0.65129954
 0.18111663], Data: ETTm2

Epoch: 2, w_1: [-0.07550557 -0.03293435 -0.03587684  0.08873501 -0.05322921 -0.07596805
  0.09935388], w_2: [0.52281046 0.436862   0.6829242  0.31275758 0.5777638  0.65129954
 0.18111663], Data: ETTm2

Epoch: 3, w_1: [-0.07550557 -0.03293435 -0.03587684  0.08873501 -0.05322921 -0.07596805
  0.09935388], w_2: [0.52281046 0.436862   0.6829242  0.31275758 0.5777638  0.65129954
 0.18111663], Data: ETTm2

Model:  SCINet, pred_len:  720, Data:  ETTm2

Epoch: 1, w_1: [0.06820007 0.13994105 0.00828259 0.27693626 0.08467191 0.19650838
 0.13900939], w_2: [0.3672917  0.2536557  0.44851574 0.10161293 0.23969367 0.05171815
 0.14206232], Data: ETTm2

Epoch: 2, w_1: [0.06819836 0.10486683 0.04156373 0.19424921 0.06656888 0.13305093
 0.11856434], w_2: [0.25243434 0.17220196 0.2600888  0.0963322  0.15383868 0.04288097
 0.06309872], Data: ETTm2

Epoch: 3, w_1: [0.06819836 0.10486683 0.04156373 0.19424921 0.06656888 0.13305093
 0.11856434], w_2: [0.25243434 0.17220196 0.2600888  0.0963322  0.15383868 0.04288097
 0.06309872], Data: ETTm2

Epoch: 4, w_1: [0.06819836 0.10486683 0.04156373 0.19424921 0.06656888 0.13305093
 0.11856434], w_2: [0.25243434 0.17220196 0.2600888  0.0963322  0.15383868 0.04288097
 0.06309872], Data: ETTm2
